====== INTRINSICS ======
  898.3306         0  633.6178
         0  898.7783  379.6450
         0         0    1.0000

Radial Distortion:
    0.1402   -0.2897

Tangential Distortion:
     0     0

====== WORLD POINTS ======
     0     0
     0    23
     0    46
     0    69
     0    92
    23     0
    23    23
    23    46
    23    69
    23    92
    46     0
    46    23
    46    46
    46    69
    46    92
    69     0
    69    23
    69    46
    69    69
    69    92
    92     0
    92    23
    92    46
    92    69
    92    92
   115     0
   115    23
   115    46
   115    69
   115    92
   138     0
   138    23
   138    46
   138    69
   138    92
   161     0
   161    23
   161    46
   161    69
   161    92
   184     0
   184    23
   184    46
   184    69
   184    92

====== EXTRINSICS (Pattern 1) ======
R:
    0.9904    0.0971    0.0988
   -0.1232    0.9436    0.3074
   -0.0634   -0.3166    0.9464

t:
 -112.4986  -23.7673  273.0052

T_checker_to_camera:
    0.9904    0.0971    0.0988 -112.4986
   -0.1232    0.9436    0.3074  -23.7673
   -0.0634   -0.3166    0.9464  273.0052
         0         0         0    1.0000

T_camera_to_checker:
    0.9904   -0.1232   -0.0634  125.7993
    0.0971    0.9436   -0.3166  119.7855
    0.0988    0.3074    0.9464 -239.9554
         0         0         0    1.0000
